1000 100
522 138 692 349 536 596 722 149 359 928 834 951 533 766 125 168 482 303 79 377 663 176 936 982 810 764 409 562 563 86 164 181 327 128 53 291 858 734 636 579 467 436 68 868 56 916 733 600 572 133 688 630 638 744 898 42 804 613 768 639 694 269 777 728 770 10 685 396 346 250 612 717 18 75 1000 884 285 893 157 211 406 557 16 910 702 974 682 870 419 829 472 811 247 348 820 109 66 911 78 773
354
983
8
651
767
833
124
751
958
543
191
264
628
254
373
954
930
34
111
98
342
522
510
855
660
184
205
596
964
372
834
35
686
753
133
268
68
863
692
774
934
747
526
173
908
556
190
349
743
183
627
798
465
246
358
120
295
796
3
49
35
332
116
717
759
298
378
701
463
906
261
619
686
905
230
277
460
849
699
464
414
88
195
846
494
874
315
819
813
598
176
549
998
519
165
290
885
268
543
903
56
146
847
342
237
601
208
55
196
428
43
362
102
461
175
51
806
240
76
287
470
550
802
47
422
725
957
715
841
134
852
233
960
64
362
22
307
403
484
931
268
655
565
204
895
158
583
325
320
239
610
349
683
292
546
672
881
647
739
744
562
976
112
924
902
738
526
995
8
95
898
738
213
953
114
333
577
323
554
987
268
903
85
621
795
753
263
424
265
739
729
152
144
162
485
383
386
849
26
159
685
909
946
180
575
882
42
422
861
244
809
765
194
23
709
974
847
467
91
710
310
826
645
740
915
972
553
891
229
374
519
895
73
758
11
369
440
530
436
398
618
193
724
261
187
65
658
72
573
259
588
114
758
101
176
563
828
670
949
136
22
191
469
382
604
72
62
287
978
353
122
982
185
194
259
480
110
252
75
605
335
634
899
557
899
282
282
238
298
201
729
213
973
174
4
282
871
197
419
633
668
175
658
150
289
415
262
609
444
945
145
282
957
310
824
439
405
459
659
868
669
27
532
858
531
865
292
355
697
227
826
669
767
580
109
669
122
9
701
702
444
566
20
74
957
225
747
727
650
551
970
582
446
525
120
448
991
106
236
314
762
940
843
139
609
56
275
28
268
878
127
455
142
372
588
970
17
761
171
334
628
309
153
67
828
288
139
535
425
336
710
431
979
95
917
125
76
387
460
578
544
840
749
741
418
219
241
525
744
520
490
580
643
319
878
500
944
890
590
542
218
59
392
1
419
131
850
880
592
726
472
88
157
925
895
304
697
795
339
9
675
85
678
656
237
532
554
849
80
357
593
302
833
379
859
577
850
474
96
303
660
751
550
957
475
383
709
831
178
621
281
254
41
952
368
394
340
428
557
337
990
159
620
287
278
999
494
734
201
763
927
695
560
815
975
770
99
212
990
579
141
47
668
118
466
137
776
803
887
623
70
213
585
986
798
376
569
689
419
73
326
86
273
3
884
31
531
439
20
790
428
283
947
27
372
710
575
800
5
299
127
565
943
284
706
509
72
857
107
48
488
754
780
747
413
809
73
877
970
131
926
548
525
784
195
343
465
168
78
389
281
633
618
230
62
847
888
848
43
891
763
45
526
424
40
498
978
873
37
667
779
38
433
62
674
329
101
845
290
652
458
496
178
38
467
266
820
222
59
570
661
814
794
942
629
755
516
307
257
828
75
312
952
610
86
891
923
575
890
748
697
114
816
465
393
81
855
849
809
752
380
461
998
601
694
372
861
676
775
894
122
714
488
788
983
852
588
813
368
50
633
332
500
528
186
88
974
507
976
756
892
341
401
520
248
101
810
799
326
443
81
124
565
978
662
670
337
263
876
283
760
225
410
244
20
361
63
837
392
700
869
593
903
614
605
731
721
338
259
984
327
799
395
611
465
941
756
600
982
129
509
509
740
908
149
662
81
867
871
705
169
451
350
569
176
755
933
990
82
743
475
589
137
745
836
420
56
866
243
353
390
530
743
148
764
621
323
129
706
95
659
362
479
192
84
725
320
435
955
178
115
620
737
808
604
840
453
832
688
354
442
465
232
35
298
70
944
985
411
557
193
348
242
930
619
765
974
931
143
655
6
157
260
682
29
199
472
669
988
341
66
949
681
376
990
236
751
828
976
803
278
386
108
722
524
511
469
647
540
893
957
902
742
704
5
49
256
388
61
304
579
893
782
834
600
590
574
516
445
958
980
745
795
192
684
35
642
659
565
961
79
146
809
921
588
116
493
480
560
597
354
840
826
414
548
601
152
676
169
52
348
213
123
891
378
848
729
429
427
908
795
232
662
57
21
16
591
599
526
376
632
652
913
470
23
514
195
947
600
568
694
739
125
791
998
266
523
592
251
72
103
708
398
399
977
132
111
746
31
346
182
312
5
672
960
801
860
16
372
280
985
35
575
802
599
878
781
694
271
961
225
853
823
258
503
36
488
634
640
695
813
766
733
969
225
377
760
306
952
728
919
343
425
142
202
184
290
104
768
246
973
628
437
756
434
206
358
591
436
731
368
473
304
946
269
970
451
623
312
176

